字牌に関しては、対子・刻子・槓子の条件は普通の麻雀と同じ。

（後述する槓子以外の）面子の条件は「3つの牌で作れる数が素数であること」、雀頭の条件は「2つの牌で作れる数が素数であること」
https://twitter.com/hsjoihs/status/910408195750764544

4つの面子が四つ子素数をなすとき役満
https://twitter.com/asangi_a4ac/status/910415367465345024
https://twitter.com/nullset_mn/status/910418411766681600

14桁の素数を作ると役満（疑問点：萬子・索子・筒子を混ぜて良いかどうか）（混ぜてええやろ、国士無双相当だし）
https://twitter.com/Okina_morn/status/910416122926686208

切り捨て可能素数ならダブル役満
https://twitter.com/asangi_a4ac/status/910417262623862784

（槓子以外の）面子を構成できる素数：128種
113,127,131,137,139,149,151,157,163,167,
173,179,181,191,193,197,199,211,223,227,
229,233,239,241,251,257,263,269,271,277,
281,283,293,311,313,317,331,337,347,349,
353,359,367,373,379,383,389,397,419,421,
431,433,439,443,449,457,461,463,467,479,
487,491,499,521,523,541,547,557,563,569,
571,577,587,593,599,613,617,619,631,641,
643,647,653,659,661,673,677,683,691,719,
727,733,739,743,751,757,761,769,773,787,
797,811,821,823,827,829,839,853,857,859,
863,877,881,883,887,911,919,929,937,941,
947,953,967,971,977,983,991,997

重複を除いたもの：73種
113,127,137,139,149,151,157,163,167,179,
181,191,199,211,223,227,229,233,239,241,
251,257,263,269,277,281,283,313,337,347,
349,353,359,367,379,383,389,431,433,443,
449,457,461,463,467,479,487,499,523,541,
557,563,569,577,587,599,619,661,677,683,
769,773,787,797,827,829,853,859,881,883,
887,929,997

（槓子以外の）面子になる牌の組み合わせ（全ての牌を別にカウント）は、普通で484通り、素数で3392通り
https://twitter.com/hsjoihs/status/910414126463074304

「順番を固定して」「どの桁を捨てても」「素数である」面子を刻子と定義。
https://twitter.com/hsjoihs/status/910424484166778881

刻子を構成できる素数：11種
113,131,137,173,179,197,311,317,431,617,719
これ以外の3桁素数を順子と呼ぶ。
https://twitter.com/hsjoihs/status/910435150034386944


「順番を固定して」「どの桁を捨てても」「素数である（面子である必要はない）」4枚組素数を槓子と定義。
https://twitter.com/hsjoihs/status/910428446290976768

槓子を構成できる素数：9種
1499,1997,2239,2293,3137,4919,6173,7433,9677

一気通貫の成立要件は「同色の3牌面子を3種類集めて1~9が揃うとき」
一気通貫を構成できる3つ組素数：
(127,463,859),(127,643,859),(149,257,683),(149,257,863),(149,263,587),
(149,263,857),(149,563,827),(149,653,827),(157,463,829),(157,643,829),
(163,457,829),(163,547,829),(239,461,587),(239,461,857),(239,587,641),
(239,641,857),(241,367,859),(241,673,859),(241,769,853),(241,853,967),
(251,389,467),(251,389,647),(251,467,839),(251,467,983),(251,479,683),
(251,479,863),(251,647,839),(251,647,983),(251,683,947),(251,863,947),
(257,389,461),(257,389,641),(257,419,683),(257,419,863),(257,461,839),
(257,461,983),(257,491,683),(257,491,863),(257,641,839),(257,641,983),
(257,683,941),(257,863,941),(263,419,587),(263,419,857),(263,491,587),
(263,491,857),(263,587,941),(263,857,941),(269,431,587),(269,431,857),
(271,463,859),(271,643,859),(281,347,569),(281,347,659),(281,359,467),
(281,359,647),(281,467,593),(281,467,953),(281,479,563),(281,479,653),
(281,563,947),(281,569,743),(281,593,647),(281,647,953),(281,653,947),
(281,659,743),(283,457,619),(283,457,691),(283,541,769),(283,541,967),
(283,547,619),(283,547,691),(293,461,587),(293,461,857),(293,587,641),
(293,641,857),(347,569,821),(347,659,821),(359,461,827),(359,467,821),
(359,641,827),(359,647,821),(367,421,859),(367,541,829),(389,467,521),
(389,521,647),(419,563,827),(419,653,827),(421,673,859),(421,769,853),
(421,853,967),(431,569,827),(431,659,827),(457,613,829),(457,619,823),
(457,631,829),(457,691,823),(461,593,827),(461,827,953),(463,571,829),
(463,751,829),(467,521,839),(467,521,983),(467,593,821),(467,821,953),
(479,521,683),(479,521,863),(479,563,821),(479,653,821),(487,523,619),
(487,523,691),(491,563,827),(491,653,827),(521,647,839),(521,647,983),
(521,683,947),(521,863,947),(541,673,829),(541,769,823),(541,823,967),
(547,613,829),(547,619,823),(547,631,829),(547,691,823),(563,821,947),
(563,827,941),(569,743,821),(571,643,829),(593,641,827),(593,647,821),
(641,827,953),(643,751,829),(647,821,953),(653,821,947),(653,827,941),
(659,743,821)
https://twitter.com/hsjoihs/status/910439432959827968
